(kicad_pcb (version 3) (host pcbnew "(2013-07-07 BZR 4022)-stable")

  (general
    (links 169)
    (no_connects 0)
    (area 14.942599 11.9726 131.495712 81.440001)
    (thickness 1.6)
    (drawings 91)
    (tracks 468)
    (zones 0)
    (modules 50)
    (nets 67)
  )

  (page A3)
  (layers
    (15 F.Cu signal)
    (0 B.Cu signal hide)
    (16 B.Adhes user hide)
    (17 F.Adhes user hide)
    (18 B.Paste user hide)
    (19 F.Paste user hide)
    (20 B.SilkS user hide)
    (21 F.SilkS user)
    (22 B.Mask user hide)
    (23 F.Mask user hide)
    (24 Dwgs.User user hide)
    (28 Edge.Cuts user)
  )

  (setup
    (last_trace_width 0.254)
    (trace_clearance 0.1524)
    (zone_clearance 0.381)
    (zone_45_only no)
    (trace_min 0.1524)
    (segment_width 0.2)
    (edge_width 0.1)
    (via_size 0.889)
    (via_drill 0.635)
    (via_min_size 0.889)
    (via_min_drill 0.635)
    (uvia_size 0.508)
    (uvia_drill 0.127)
    (uvias_allowed no)
    (uvia_min_size 0.508)
    (uvia_min_drill 0.127)
    (pcb_text_width 0.3)
    (pcb_text_size 1.5 1.5)
    (mod_edge_width 0.15)
    (mod_text_size 1 1)
    (mod_text_width 0.15)
    (pad_size 2.5146 2.5146)
    (pad_drill 2.2)
    (pad_to_mask_clearance 0)
    (aux_axis_origin 131.826 69.596)
    (visible_elements 7FFFA99F)
    (pcbplotparams
      (layerselection 284196865)
      (usegerberextensions true)
      (excludeedgelayer true)
      (linewidth 0.150000)
      (plotframeref false)
      (viasonmask false)
      (mode 1)
      (useauxorigin false)
      (hpglpennumber 1)
      (hpglpenspeed 20)
      (hpglpendiameter 15)
      (hpglpenoverlay 2)
      (psnegative false)
      (psa4output false)
      (plotreference true)
      (plotvalue true)
      (plotothertext true)
      (plotinvisibletext false)
      (padsonsilk false)
      (subtractmaskfromsilk false)
      (outputformat 1)
      (mirror false)
      (drillshape 0)
      (scaleselection 1)
      (outputdirectory C:/Users/Phillip/Desktop/board/))
  )

  (net 0 "")
  (net 1 +3.3V)
  (net 2 +5V)
  (net 3 /5V_Jack)
  (net 4 /5V_USB)
  (net 5 /AREFA)
  (net 6 /AREFB)
  (net 7 /D5)
  (net 8 /PE5)
  (net 9 "/USB D+")
  (net 10 "/USB D-")
  (net 11 /VBAT)
  (net 12 GND)
  (net 13 N-000001)
  (net 14 N-0000010)
  (net 15 N-0000012)
  (net 16 N-0000013)
  (net 17 N-0000014)
  (net 18 N-0000015)
  (net 19 N-0000016)
  (net 20 N-0000017)
  (net 21 N-0000018)
  (net 22 N-0000019)
  (net 23 N-000002)
  (net 24 N-0000020)
  (net 25 N-0000021)
  (net 26 N-0000024)
  (net 27 N-0000026)
  (net 28 N-0000027)
  (net 29 N-0000028)
  (net 30 N-000003)
  (net 31 N-0000034)
  (net 32 N-0000035)
  (net 33 N-0000036)
  (net 34 N-0000039)
  (net 35 N-000004)
  (net 36 N-0000041)
  (net 37 N-0000042)
  (net 38 N-0000044)
  (net 39 N-0000046)
  (net 40 N-0000047)
  (net 41 N-0000048)
  (net 42 N-0000049)
  (net 43 N-000005)
  (net 44 N-0000050)
  (net 45 N-0000051)
  (net 46 N-0000052)
  (net 47 N-0000053)
  (net 48 N-0000054)
  (net 49 N-0000055)
  (net 50 N-0000056)
  (net 51 N-0000057)
  (net 52 N-0000058)
  (net 53 N-0000059)
  (net 54 N-0000060)
  (net 55 N-0000061)
  (net 56 N-0000062)
  (net 57 N-0000063)
  (net 58 N-0000064)
  (net 59 N-0000065)
  (net 60 N-0000066)
  (net 61 N-0000067)
  (net 62 N-0000068)
  (net 63 N-0000069)
  (net 64 N-0000070)
  (net 65 N-000008)
  (net 66 N-000009)

  (net_class Default "This is the default net class."
    (clearance 0.1524)
    (trace_width 0.254)
    (via_dia 0.889)
    (via_drill 0.635)
    (uvia_dia 0.508)
    (uvia_drill 0.127)
    (add_net "")
    (add_net +3.3V)
    (add_net +5V)
    (add_net /5V_Jack)
    (add_net /5V_USB)
    (add_net /AREFA)
    (add_net /AREFB)
    (add_net /D5)
    (add_net /PE5)
    (add_net "/USB D+")
    (add_net "/USB D-")
    (add_net /VBAT)
    (add_net GND)
    (add_net N-000001)
    (add_net N-0000010)
    (add_net N-0000012)
    (add_net N-0000013)
    (add_net N-0000014)
    (add_net N-0000015)
    (add_net N-0000016)
    (add_net N-0000017)
    (add_net N-0000018)
    (add_net N-0000019)
    (add_net N-000002)
    (add_net N-0000020)
    (add_net N-0000021)
    (add_net N-0000024)
    (add_net N-0000026)
    (add_net N-0000027)
    (add_net N-0000028)
    (add_net N-000003)
    (add_net N-0000034)
    (add_net N-0000035)
    (add_net N-0000036)
    (add_net N-0000039)
    (add_net N-000004)
    (add_net N-0000041)
    (add_net N-0000042)
    (add_net N-0000044)
    (add_net N-0000046)
    (add_net N-0000047)
    (add_net N-0000048)
    (add_net N-0000049)
    (add_net N-000005)
    (add_net N-0000050)
    (add_net N-0000051)
    (add_net N-0000052)
    (add_net N-0000053)
    (add_net N-0000054)
    (add_net N-0000055)
    (add_net N-0000056)
    (add_net N-0000057)
    (add_net N-0000058)
    (add_net N-0000059)
    (add_net N-0000060)
    (add_net N-0000061)
    (add_net N-0000062)
    (add_net N-0000063)
    (add_net N-0000064)
    (add_net N-0000065)
    (add_net N-0000066)
    (add_net N-0000067)
    (add_net N-0000068)
    (add_net N-0000069)
    (add_net N-0000070)
    (add_net N-000008)
    (add_net N-000009)
  )

  (net_class 20 ""
    (clearance 0.1524)
    (trace_width 0.508)
    (via_dia 1.651)
    (via_drill 1.143)
    (uvia_dia 0.508)
    (uvia_drill 0.127)
  )

  (net_class 40 ""
    (clearance 0.1524)
    (trace_width 1.016)
    (via_dia 1.651)
    (via_drill 1.143)
    (uvia_dia 0.508)
    (uvia_drill 0.127)
  )

  (module Zatetic_Logo_Small (layer F.Cu) (tedit 517AD6D1) (tstamp 54E77E38)
    (at 69.596 49.53 90)
    (path /51F48A4F)
    (fp_text reference Z1 (at 0 5 180) (layer F.SilkS) hide
      (effects (font (size 1 1) (thickness 0.16)))
    )
    (fp_text value LOGO (at 0 -5 180) (layer F.SilkS) hide
      (effects (font (size 1 1) (thickness 0.16)))
    )
    (fp_arc (start 2 1) (end 2 4) (angle 90) (layer F.SilkS) (width 0.15))
    (fp_arc (start -2 -1) (end -2 -4) (angle 90) (layer F.SilkS) (width 0.15))
    (fp_arc (start 1 1) (end -1 1) (angle 90) (layer F.SilkS) (width 0.15))
    (fp_arc (start 1 0) (end 1 -1) (angle 90) (layer F.SilkS) (width 0.15))
    (fp_arc (start 1 0) (end 2 0) (angle 90) (layer F.SilkS) (width 0.15))
    (fp_arc (start 1 0) (end 1 1) (angle 90) (layer F.SilkS) (width 0.15))
    (fp_arc (start -1 -1) (end 1 -1) (angle 90) (layer F.SilkS) (width 0.15))
    (fp_arc (start -1 0) (end -1 1) (angle 90) (layer F.SilkS) (width 0.15))
    (fp_arc (start -1 0) (end -2 0) (angle 90) (layer F.SilkS) (width 0.15))
    (fp_arc (start -1 0) (end -1 -1) (angle 90) (layer F.SilkS) (width 0.15))
  )

  (module USB_MINI_B_UX60-MB-5ST   locked (layer F.Cu) (tedit 54E79AC3) (tstamp 51F5863D)
    (at 20.066 32.766)
    (descr "USB Mini-B 5-pin SMD connector")
    (tags "USB, Mini-B, connector")
    (path /51F48B2F)
    (fp_text reference CON2 (at 0 6.90118 90) (layer F.SilkS) hide
      (effects (font (size 1.016 1.016) (thickness 0.16)))
    )
    (fp_text value USB-MINI-B (at 0 -7.0993 90) (layer F.SilkS) hide
      (effects (font (size 1.016 1.016) (thickness 0.16)))
    )
    (fp_line (start -3.59918 -3.85064) (end -3.59918 3.85064) (layer F.SilkS) (width 0.381))
    (fp_line (start -4.59994 -3.85064) (end -4.59994 3.85064) (layer F.SilkS) (width 0.381))
    (fp_line (start -4.59994 3.85064) (end 4.59994 3.85064) (layer F.SilkS) (width 0.381))
    (fp_line (start 4.59994 3.85064) (end 4.59994 -3.85064) (layer F.SilkS) (width 0.381))
    (fp_line (start 4.59994 -3.85064) (end -4.59994 -3.85064) (layer F.SilkS) (width 0.381))
    (pad 1 smd rect (at 3.44932 -1.6002) (size 2.30124 0.50038)
      (layers F.Cu F.Paste F.Mask)
      (net 4 /5V_USB)
    )
    (pad 2 smd rect (at 3.44932 -0.8001) (size 2.30124 0.50038)
      (layers F.Cu F.Paste F.Mask)
      (net 32 N-0000035)
    )
    (pad 3 smd rect (at 3.44932 0) (size 2.30124 0.50038)
      (layers F.Cu F.Paste F.Mask)
      (net 31 N-0000034)
    )
    (pad 4 smd rect (at 3.44932 0.8001) (size 2.30124 0.50038)
      (layers F.Cu F.Paste F.Mask)
    )
    (pad 5 smd rect (at 3.44932 1.6002) (size 2.30124 0.50038)
      (layers F.Cu F.Paste F.Mask)
      (net 12 GND)
    )
    (pad 6 smd rect (at 3.35026 -4.45008) (size 2.49936 1.99898)
      (layers F.Cu F.Paste F.Mask)
      (net 33 N-0000036)
    )
    (pad 7 smd rect (at -2.14884 -4.45008) (size 2.49936 1.99898)
      (layers F.Cu F.Paste F.Mask)
      (net 33 N-0000036)
    )
    (pad 8 smd rect (at 3.35026 4.45008) (size 2.49936 1.99898)
      (layers F.Cu F.Paste F.Mask)
      (net 33 N-0000036)
    )
    (pad 9 smd rect (at -2.14884 4.45008) (size 2.49936 1.99898)
      (layers F.Cu F.Paste F.Mask)
      (net 33 N-0000036)
    )
    (pad "" thru_hole circle (at 0.8509 -2.19964) (size 1.2192 1.2192) (drill 0.89916)
      (layers *.Cu *.Mask F.SilkS)
    )
    (pad "" thru_hole circle (at 0.8509 2.19964) (size 1.2192 1.2192) (drill 0.89916)
      (layers *.Cu *.Mask F.SilkS)
    )
    (model 10033526-N3212LF.wrl
      (at (xyz 0.175 0.195 -0.385))
      (scale (xyz 0.3937 0.3937 0.3937))
      (rotate (xyz -90 0 90))
    )
  )

  (module Tactile_Switch_6mm_x_6mm (layer F.Cu) (tedit 54E65EF1) (tstamp 51F5864E)
    (at 87.63 33.02 270)
    (path /51F47225)
    (fp_text reference SW1 (at 1 -5.5 360) (layer F.SilkS) hide
      (effects (font (size 0.9 0.9) (thickness 0.16)))
    )
    (fp_text value RESET (at -4.826 0 360) (layer F.SilkS) hide
      (effects (font (size 1.016 1.016) (thickness 0.2032)))
    )
    (fp_line (start -1 -3) (end 1 -3) (layer F.SilkS) (width 0.15))
    (fp_line (start 3 2) (end 3 -2) (layer F.SilkS) (width 0.15))
    (fp_line (start -1 3) (end 1 3) (layer F.SilkS) (width 0.15))
    (fp_line (start -3 2) (end -3 -2) (layer F.SilkS) (width 0.15))
    (fp_line (start 1 0) (end -0.5 -1.5) (layer F.SilkS) (width 0.15))
    (fp_line (start 2.5 0) (end 1 0) (layer F.SilkS) (width 0.15))
    (fp_line (start -2 0) (end -0.5 0) (layer F.SilkS) (width 0.15))
    (fp_line (start -2 -1.5) (end -2 1.5) (layer F.SilkS) (width 0.15))
    (fp_line (start 2.5 -1.5) (end 2.5 1.5) (layer F.SilkS) (width 0.15))
    (pad 3 thru_hole circle (at -2.25 -3.25 270) (size 2 2) (drill 1)
      (layers *.Cu *.Mask F.SilkS)
      (net 54 N-0000060)
    )
    (pad 4 thru_hole circle (at -2.25 3.25 270) (size 2 2) (drill 1)
      (layers *.Cu *.Mask F.SilkS)
      (net 54 N-0000060)
    )
    (pad 1 thru_hole circle (at 2.25 -3.25 270) (size 2 2) (drill 1)
      (layers *.Cu *.Mask F.SilkS)
      (net 53 N-0000059)
    )
    (pad 2 thru_hole circle (at 2.25 3.25 270) (size 2 2) (drill 1)
      (layers *.Cu *.Mask F.SilkS)
      (net 53 N-0000059)
    )
    (model 1825910-7.wrl
      (at (xyz -0.1179 -0.154 -0.1382))
      (scale (xyz 0.3937 0.3937 0.3937))
      (rotate (xyz 0 0 0))
    )
  )

  (module SOT23-6L (layer B.Cu) (tedit 54E78932) (tstamp 51F5865B)
    (at 32.766 32.385 270)
    (path /51F48B3E)
    (fp_text reference U1 (at 3 0.5 360) (layer B.SilkS) hide
      (effects (font (size 0.9 0.9) (thickness 0.16)) (justify mirror))
    )
    (fp_text value USBLC6-2 (at -3.175 1.524 360) (layer B.SilkS)
      (effects (font (size 1.016 1.016) (thickness 0.2032)) (justify mirror))
    )
    (fp_circle (center -1.8 -0.7) (end -1.8 -0.6) (layer B.SilkS) (width 0.15))
    (fp_line (start 1.5 -0.8) (end 1.5 0.8) (layer B.SilkS) (width 0.15))
    (fp_line (start -1.5 0.8) (end -1.5 -0.8) (layer B.SilkS) (width 0.15))
    (pad 1 smd rect (at -0.95 -1.15 270) (size 0.6 1.2)
      (layers B.Cu B.Paste B.Mask)
      (net 10 "/USB D-")
    )
    (pad 2 smd rect (at 0 -1.15 270) (size 0.6 1.2)
      (layers B.Cu B.Paste B.Mask)
      (net 12 GND)
    )
    (pad 3 smd rect (at 0.95 -1.15 270) (size 0.6 1.2)
      (layers B.Cu B.Paste B.Mask)
      (net 9 "/USB D+")
    )
    (pad 4 smd rect (at 0.95 1.15 270) (size 0.6 1.2)
      (layers B.Cu B.Paste B.Mask)
      (net 31 N-0000034)
    )
    (pad 5 smd rect (at 0 1.15 270) (size 0.6 1.2)
      (layers B.Cu B.Paste B.Mask)
      (net 4 /5V_USB)
    )
    (pad 6 smd rect (at -0.95 1.15 270) (size 0.6 1.2)
      (layers B.Cu B.Paste B.Mask)
      (net 32 N-0000035)
    )
    (model smd/SOT23_6.wrl
      (at (xyz 0 0 0))
      (scale (xyz 0.1 0.1 0.1))
      (rotate (xyz 0 0 0))
    )
  )

  (module SM0603_Capa (layer B.Cu) (tedit 51F6BFC4) (tstamp 54E650FB)
    (at 17.526 34.544 270)
    (path /51F48E97)
    (attr smd)
    (fp_text reference C9 (at -0.762 -2.032 360) (layer B.SilkS)
      (effects (font (size 1.016 1.016) (thickness 0.2032)) (justify mirror))
    )
    (fp_text value 4.7nF (at -3.302 -1.778 360) (layer B.SilkS) hide
      (effects (font (size 0.508 0.4572) (thickness 0.1143)) (justify mirror))
    )
    (fp_line (start 0.50038 -0.65024) (end 1.19888 -0.65024) (layer B.SilkS) (width 0.11938))
    (fp_line (start -0.50038 -0.65024) (end -1.19888 -0.65024) (layer B.SilkS) (width 0.11938))
    (fp_line (start 0.50038 0.65024) (end 1.19888 0.65024) (layer B.SilkS) (width 0.11938))
    (fp_line (start -1.19888 0.65024) (end -0.50038 0.65024) (layer B.SilkS) (width 0.11938))
    (fp_line (start 1.19888 0.635) (end 1.19888 -0.635) (layer B.SilkS) (width 0.11938))
    (fp_line (start -1.19888 -0.635) (end -1.19888 0.635) (layer B.SilkS) (width 0.11938))
    (pad 1 smd rect (at -0.762 0 270) (size 0.635 1.143)
      (layers B.Cu B.Paste B.Mask)
      (net 12 GND)
    )
    (pad 2 smd rect (at 0.762 0 270) (size 0.635 1.143)
      (layers B.Cu B.Paste B.Mask)
      (net 33 N-0000036)
    )
    (model smd\capacitors\C0603.wrl
      (at (xyz 0 0 0.001))
      (scale (xyz 0.5 0.5 0.5))
      (rotate (xyz 0 0 0))
    )
  )

  (module SM0603_Capa (layer F.Cu) (tedit 54E788F0) (tstamp 51F6DE07)
    (at 52.451 52.197 225)
    (path /51F47207)
    (attr smd)
    (fp_text reference C2 (at -0.898026 -1.796051 225) (layer F.SilkS)
      (effects (font (size 1.016 1.016) (thickness 0.2032)))
    )
    (fp_text value 20pF (at -1.616446 -0.179605 315) (layer F.SilkS) hide
      (effects (font (size 0.508 0.4572) (thickness 0.1143)))
    )
    (fp_line (start 0.50038 0.65024) (end 1.19888 0.65024) (layer F.SilkS) (width 0.11938))
    (fp_line (start -0.50038 0.65024) (end -1.19888 0.65024) (layer F.SilkS) (width 0.11938))
    (fp_line (start 0.50038 -0.65024) (end 1.19888 -0.65024) (layer F.SilkS) (width 0.11938))
    (fp_line (start -1.19888 -0.65024) (end -0.50038 -0.65024) (layer F.SilkS) (width 0.11938))
    (fp_line (start 1.19888 -0.635) (end 1.19888 0.635) (layer F.SilkS) (width 0.11938))
    (fp_line (start -1.19888 0.635) (end -1.19888 -0.635) (layer F.SilkS) (width 0.11938))
    (pad 1 smd rect (at -0.762 0 225) (size 0.635 1.143)
      (layers F.Cu F.Paste F.Mask)
      (net 24 N-0000020)
    )
    (pad 2 smd rect (at 0.762 0 225) (size 0.635 1.143)
      (layers F.Cu F.Paste F.Mask)
      (net 12 GND)
    )
    (model smd\capacitors\C0603.wrl
      (at (xyz 0 0 0.001))
      (scale (xyz 0.5 0.5 0.5))
      (rotate (xyz 0 0 0))
    )
  )

  (module SM0603_Capa (layer F.Cu) (tedit 51F6BF9E) (tstamp 51F5867F)
    (at 47.625 47.625 225)
    (path /51F47216)
    (attr smd)
    (fp_text reference C1 (at 0 1.975656 225) (layer F.SilkS)
      (effects (font (size 1.016 1.016) (thickness 0.2032)))
    )
    (fp_text value 20pF (at -1.651 0 315) (layer F.SilkS) hide
      (effects (font (size 0.508 0.4572) (thickness 0.1143)))
    )
    (fp_line (start 0.50038 0.65024) (end 1.19888 0.65024) (layer F.SilkS) (width 0.11938))
    (fp_line (start -0.50038 0.65024) (end -1.19888 0.65024) (layer F.SilkS) (width 0.11938))
    (fp_line (start 0.50038 -0.65024) (end 1.19888 -0.65024) (layer F.SilkS) (width 0.11938))
    (fp_line (start -1.19888 -0.65024) (end -0.50038 -0.65024) (layer F.SilkS) (width 0.11938))
    (fp_line (start 1.19888 -0.635) (end 1.19888 0.635) (layer F.SilkS) (width 0.11938))
    (fp_line (start -1.19888 0.635) (end -1.19888 -0.635) (layer F.SilkS) (width 0.11938))
    (pad 1 smd rect (at -0.762 0 225) (size 0.635 1.143)
      (layers F.Cu F.Paste F.Mask)
      (net 27 N-0000026)
    )
    (pad 2 smd rect (at 0.762 0 225) (size 0.635 1.143)
      (layers F.Cu F.Paste F.Mask)
      (net 12 GND)
    )
    (model smd\capacitors\C0603.wrl
      (at (xyz 0 0 0.001))
      (scale (xyz 0.5 0.5 0.5))
      (rotate (xyz 0 0 0))
    )
  )

  (module SM0603_Capa (layer B.Cu) (tedit 54E66789) (tstamp 51F5868B)
    (at 64.77 45.72 90)
    (path /51F48197)
    (attr smd)
    (fp_text reference C7 (at -2.783879 0.089803 90) (layer B.SilkS)
      (effects (font (size 1.016 1.016) (thickness 0.2032)) (justify mirror))
    )
    (fp_text value 100nF (at -1.651 0 180) (layer B.SilkS) hide
      (effects (font (size 0.508 0.4572) (thickness 0.1143)) (justify mirror))
    )
    (fp_line (start 0.50038 -0.65024) (end 1.19888 -0.65024) (layer B.SilkS) (width 0.11938))
    (fp_line (start -0.50038 -0.65024) (end -1.19888 -0.65024) (layer B.SilkS) (width 0.11938))
    (fp_line (start 0.50038 0.65024) (end 1.19888 0.65024) (layer B.SilkS) (width 0.11938))
    (fp_line (start -1.19888 0.65024) (end -0.50038 0.65024) (layer B.SilkS) (width 0.11938))
    (fp_line (start 1.19888 0.635) (end 1.19888 -0.635) (layer B.SilkS) (width 0.11938))
    (fp_line (start -1.19888 -0.635) (end -1.19888 0.635) (layer B.SilkS) (width 0.11938))
    (pad 1 smd rect (at -0.762 0 90) (size 0.635 1.143)
      (layers B.Cu B.Paste B.Mask)
      (net 12 GND)
    )
    (pad 2 smd rect (at 0.762 0 90) (size 0.635 1.143)
      (layers B.Cu B.Paste B.Mask)
      (net 1 +3.3V)
    )
    (model smd\capacitors\C0603.wrl
      (at (xyz 0 0 0.001))
      (scale (xyz 0.5 0.5 0.5))
      (rotate (xyz 0 0 0))
    )
  )

  (module SM0603_Capa (layer B.Cu) (tedit 54E6676A) (tstamp 51F58697)
    (at 54.864 39.624 45)
    (path /51F481B3)
    (attr smd)
    (fp_text reference C5 (at 0 1.796051 45) (layer B.SilkS)
      (effects (font (size 1.016 1.016) (thickness 0.2032)) (justify mirror))
    )
    (fp_text value 100nF (at -1.651 0 135) (layer B.SilkS) hide
      (effects (font (size 0.508 0.4572) (thickness 0.1143)) (justify mirror))
    )
    (fp_line (start 0.50038 -0.65024) (end 1.19888 -0.65024) (layer B.SilkS) (width 0.11938))
    (fp_line (start -0.50038 -0.65024) (end -1.19888 -0.65024) (layer B.SilkS) (width 0.11938))
    (fp_line (start 0.50038 0.65024) (end 1.19888 0.65024) (layer B.SilkS) (width 0.11938))
    (fp_line (start -1.19888 0.65024) (end -0.50038 0.65024) (layer B.SilkS) (width 0.11938))
    (fp_line (start 1.19888 0.635) (end 1.19888 -0.635) (layer B.SilkS) (width 0.11938))
    (fp_line (start -1.19888 -0.635) (end -1.19888 0.635) (layer B.SilkS) (width 0.11938))
    (pad 1 smd rect (at -0.762 0 45) (size 0.635 1.143)
      (layers B.Cu B.Paste B.Mask)
      (net 12 GND)
    )
    (pad 2 smd rect (at 0.762 0 45) (size 0.635 1.143)
      (layers B.Cu B.Paste B.Mask)
      (net 1 +3.3V)
    )
    (model smd\capacitors\C0603.wrl
      (at (xyz 0 0 0.001))
      (scale (xyz 0.5 0.5 0.5))
      (rotate (xyz 0 0 0))
    )
  )

  (module SM0603_Capa (layer B.Cu) (tedit 54E7894A) (tstamp 51F586A3)
    (at 61.976 45.72 90)
    (path /51F481B9)
    (attr smd)
    (fp_text reference C6 (at -2.794 0 90) (layer B.SilkS)
      (effects (font (size 1.016 1.016) (thickness 0.2032)) (justify mirror))
    )
    (fp_text value 100nF (at -1.651 0 180) (layer B.SilkS) hide
      (effects (font (size 0.508 0.4572) (thickness 0.1143)) (justify mirror))
    )
    (fp_line (start 0.50038 -0.65024) (end 1.19888 -0.65024) (layer B.SilkS) (width 0.11938))
    (fp_line (start -0.50038 -0.65024) (end -1.19888 -0.65024) (layer B.SilkS) (width 0.11938))
    (fp_line (start 0.50038 0.65024) (end 1.19888 0.65024) (layer B.SilkS) (width 0.11938))
    (fp_line (start -1.19888 0.65024) (end -0.50038 0.65024) (layer B.SilkS) (width 0.11938))
    (fp_line (start 1.19888 0.635) (end 1.19888 -0.635) (layer B.SilkS) (width 0.11938))
    (fp_line (start -1.19888 -0.635) (end -1.19888 0.635) (layer B.SilkS) (width 0.11938))
    (pad 1 smd rect (at -0.762 0 90) (size 0.635 1.143)
      (layers B.Cu B.Paste B.Mask)
      (net 12 GND)
    )
    (pad 2 smd rect (at 0.762 0 90) (size 0.635 1.143)
      (layers B.Cu B.Paste B.Mask)
      (net 1 +3.3V)
    )
    (model smd\capacitors\C0603.wrl
      (at (xyz 0 0 0.001))
      (scale (xyz 0.5 0.5 0.5))
      (rotate (xyz 0 0 0))
    )
  )

  (module SM0603_Capa (layer B.Cu) (tedit 54E78940) (tstamp 51F586AF)
    (at 57.404 33.528 315)
    (path /51F481BF)
    (attr smd)
    (fp_text reference C4 (at 0 2.155261 315) (layer B.SilkS)
      (effects (font (size 1.016 1.016) (thickness 0.2032)) (justify mirror))
    )
    (fp_text value 100nF (at -1.651 0 405) (layer B.SilkS) hide
      (effects (font (size 0.508 0.4572) (thickness 0.1143)) (justify mirror))
    )
    (fp_line (start 0.50038 -0.65024) (end 1.19888 -0.65024) (layer B.SilkS) (width 0.11938))
    (fp_line (start -0.50038 -0.65024) (end -1.19888 -0.65024) (layer B.SilkS) (width 0.11938))
    (fp_line (start 0.50038 0.65024) (end 1.19888 0.65024) (layer B.SilkS) (width 0.11938))
    (fp_line (start -1.19888 0.65024) (end -0.50038 0.65024) (layer B.SilkS) (width 0.11938))
    (fp_line (start 1.19888 0.635) (end 1.19888 -0.635) (layer B.SilkS) (width 0.11938))
    (fp_line (start -1.19888 -0.635) (end -1.19888 0.635) (layer B.SilkS) (width 0.11938))
    (pad 1 smd rect (at -0.762 0 315) (size 0.635 1.143)
      (layers B.Cu B.Paste B.Mask)
      (net 12 GND)
    )
    (pad 2 smd rect (at 0.762 0 315) (size 0.635 1.143)
      (layers B.Cu B.Paste B.Mask)
      (net 1 +3.3V)
    )
    (model smd\capacitors\C0603.wrl
      (at (xyz 0 0 0.001))
      (scale (xyz 0.5 0.5 0.5))
      (rotate (xyz 0 0 0))
    )
  )

  (module SM0603_Capa (layer B.Cu) (tedit 54E78946) (tstamp 51F586BB)
    (at 64.008 30.48 225)
    (path /51F481C5)
    (attr smd)
    (fp_text reference C3 (at 0 1.796051 225) (layer B.SilkS)
      (effects (font (size 1.016 1.016) (thickness 0.2032)) (justify mirror))
    )
    (fp_text value 100nF (at -1.651 0 315) (layer B.SilkS) hide
      (effects (font (size 0.508 0.4572) (thickness 0.1143)) (justify mirror))
    )
    (fp_line (start 0.50038 -0.65024) (end 1.19888 -0.65024) (layer B.SilkS) (width 0.11938))
    (fp_line (start -0.50038 -0.65024) (end -1.19888 -0.65024) (layer B.SilkS) (width 0.11938))
    (fp_line (start 0.50038 0.65024) (end 1.19888 0.65024) (layer B.SilkS) (width 0.11938))
    (fp_line (start -1.19888 0.65024) (end -0.50038 0.65024) (layer B.SilkS) (width 0.11938))
    (fp_line (start 1.19888 0.635) (end 1.19888 -0.635) (layer B.SilkS) (width 0.11938))
    (fp_line (start -1.19888 -0.635) (end -1.19888 0.635) (layer B.SilkS) (width 0.11938))
    (pad 1 smd rect (at -0.762 0 225) (size 0.635 1.143)
      (layers B.Cu B.Paste B.Mask)
      (net 12 GND)
    )
    (pad 2 smd rect (at 0.762 0 225) (size 0.635 1.143)
      (layers B.Cu B.Paste B.Mask)
      (net 1 +3.3V)
    )
    (model smd\capacitors\C0603.wrl
      (at (xyz 0 0 0.001))
      (scale (xyz 0.5 0.5 0.5))
      (rotate (xyz 0 0 0))
    )
  )

  (module SM0603_Capa (layer F.Cu) (tedit 54E78923) (tstamp 54E77F9E)
    (at 74.93 44.831 45)
    (path /51F48889)
    (attr smd)
    (fp_text reference C8 (at -0.089803 -1.706249 45) (layer F.SilkS)
      (effects (font (size 1.016 1.016) (thickness 0.2032)))
    )
    (fp_text value 100nF (at -1.651 0 315) (layer F.SilkS) hide
      (effects (font (size 0.508 0.4572) (thickness 0.1143)))
    )
    (fp_line (start 0.50038 0.65024) (end 1.19888 0.65024) (layer F.SilkS) (width 0.11938))
    (fp_line (start -0.50038 0.65024) (end -1.19888 0.65024) (layer F.SilkS) (width 0.11938))
    (fp_line (start 0.50038 -0.65024) (end 1.19888 -0.65024) (layer F.SilkS) (width 0.11938))
    (fp_line (start -1.19888 -0.65024) (end -0.50038 -0.65024) (layer F.SilkS) (width 0.11938))
    (fp_line (start 1.19888 -0.635) (end 1.19888 0.635) (layer F.SilkS) (width 0.11938))
    (fp_line (start -1.19888 0.635) (end -1.19888 -0.635) (layer F.SilkS) (width 0.11938))
    (pad 1 smd rect (at -0.762 0 45) (size 0.635 1.143)
      (layers F.Cu F.Paste F.Mask)
      (net 12 GND)
    )
    (pad 2 smd rect (at 0.762 0 45) (size 0.635 1.143)
      (layers F.Cu F.Paste F.Mask)
      (net 36 N-0000041)
    )
    (model smd\capacitors\C0603.wrl
      (at (xyz 0 0 0.001))
      (scale (xyz 0.5 0.5 0.5))
      (rotate (xyz 0 0 0))
    )
  )

  (module SM0603 (layer B.Cu) (tedit 51F6BFC7) (tstamp 54E65106)
    (at 17.526 30.988 270)
    (path /51F48E9D)
    (attr smd)
    (fp_text reference R3 (at 1.016 -2.032 360) (layer B.SilkS)
      (effects (font (size 1.016 1.016) (thickness 0.2032)) (justify mirror))
    )
    (fp_text value 1M (at 0.127 -1.397 270) (layer B.SilkS) hide
      (effects (font (size 0.508 0.4572) (thickness 0.1143)) (justify mirror))
    )
    (fp_line (start -1.143 0.635) (end 1.143 0.635) (layer B.SilkS) (width 0.127))
    (fp_line (start 1.143 0.635) (end 1.143 -0.635) (layer B.SilkS) (width 0.127))
    (fp_line (start 1.143 -0.635) (end -1.143 -0.635) (layer B.SilkS) (width 0.127))
    (fp_line (start -1.143 -0.635) (end -1.143 0.635) (layer B.SilkS) (width 0.127))
    (pad 1 smd rect (at -0.762 0 270) (size 0.635 1.143)
      (layers B.Cu B.Paste B.Mask)
      (net 33 N-0000036)
    )
    (pad 2 smd rect (at 0.762 0 270) (size 0.635 1.143)
      (layers B.Cu B.Paste B.Mask)
      (net 12 GND)
    )
    (model smd\resistors\R0603.wrl
      (at (xyz 0 0 0.001))
      (scale (xyz 0.5 0.5 0.5))
      (rotate (xyz 0 0 0))
    )
  )

  (module SM0603 (layer F.Cu) (tedit 51F6BF46) (tstamp 51F586DB)
    (at 78.613 43.18 45)
    (path /51F4884D)
    (attr smd)
    (fp_text reference L1 (at 0.179605 1.975656 45) (layer F.SilkS)
      (effects (font (size 1.016 1.016) (thickness 0.2032)))
    )
    (fp_text value 220ohms (at 0 0 45) (layer F.SilkS) hide
      (effects (font (size 0.508 0.4572) (thickness 0.1143)))
    )
    (fp_line (start -1.143 -0.635) (end 1.143 -0.635) (layer F.SilkS) (width 0.127))
    (fp_line (start 1.143 -0.635) (end 1.143 0.635) (layer F.SilkS) (width 0.127))
    (fp_line (start 1.143 0.635) (end -1.143 0.635) (layer F.SilkS) (width 0.127))
    (fp_line (start -1.143 0.635) (end -1.143 -0.635) (layer F.SilkS) (width 0.127))
    (pad 1 smd rect (at -0.762 0 45) (size 0.635 1.143)
      (layers F.Cu F.Paste F.Mask)
      (net 36 N-0000041)
    )
    (pad 2 smd rect (at 0.762 0 45) (size 0.635 1.143)
      (layers F.Cu F.Paste F.Mask)
      (net 1 +3.3V)
    )
    (model smd\resistors\R0603.wrl
      (at (xyz 0 0 0.001))
      (scale (xyz 0.5 0.5 0.5))
      (rotate (xyz 0 0 0))
    )
  )

  (module SM0603 (layer F.Cu) (tedit 54E7898F) (tstamp 51F586E5)
    (at 90.17 38.1)
    (path /51F47232)
    (attr smd)
    (fp_text reference R2 (at -2.54 0) (layer F.SilkS)
      (effects (font (size 1.016 1.016) (thickness 0.2032)))
    )
    (fp_text value 10K (at 0 0) (layer F.SilkS) hide
      (effects (font (size 0.508 0.4572) (thickness 0.1143)))
    )
    (fp_line (start -1.143 -0.635) (end 1.143 -0.635) (layer F.SilkS) (width 0.127))
    (fp_line (start 1.143 -0.635) (end 1.143 0.635) (layer F.SilkS) (width 0.127))
    (fp_line (start 1.143 0.635) (end -1.143 0.635) (layer F.SilkS) (width 0.127))
    (fp_line (start -1.143 0.635) (end -1.143 -0.635) (layer F.SilkS) (width 0.127))
    (pad 1 smd rect (at -0.762 0) (size 0.635 1.143)
      (layers F.Cu F.Paste F.Mask)
      (net 54 N-0000060)
    )
    (pad 2 smd rect (at 0.762 0) (size 0.635 1.143)
      (layers F.Cu F.Paste F.Mask)
      (net 1 +3.3V)
    )
    (model smd\resistors\R0603.wrl
      (at (xyz 0 0 0.001))
      (scale (xyz 0.5 0.5 0.5))
      (rotate (xyz 0 0 0))
    )
  )

  (module SM0603 (layer F.Cu) (tedit 54E788EA) (tstamp 51F586EF)
    (at 49.403 54.991 225)
    (path /51F471F8)
    (attr smd)
    (fp_text reference R1 (at -2.155261 -1.975656 225) (layer F.SilkS)
      (effects (font (size 1.016 1.016) (thickness 0.2032)))
    )
    (fp_text value zero (at 0 0 225) (layer F.SilkS) hide
      (effects (font (size 0.508 0.4572) (thickness 0.1143)))
    )
    (fp_line (start -1.143 -0.635) (end 1.143 -0.635) (layer F.SilkS) (width 0.127))
    (fp_line (start 1.143 -0.635) (end 1.143 0.635) (layer F.SilkS) (width 0.127))
    (fp_line (start 1.143 0.635) (end -1.143 0.635) (layer F.SilkS) (width 0.127))
    (fp_line (start -1.143 0.635) (end -1.143 -0.635) (layer F.SilkS) (width 0.127))
    (pad 1 smd rect (at -0.762 0 225) (size 0.635 1.143)
      (layers F.Cu F.Paste F.Mask)
      (net 12 GND)
    )
    (pad 2 smd rect (at 0.762 0 225) (size 0.635 1.143)
      (layers F.Cu F.Paste F.Mask)
      (net 52 N-0000058)
    )
    (model smd\resistors\R0603.wrl
      (at (xyz 0 0 0.001))
      (scale (xyz 0.5 0.5 0.5))
      (rotate (xyz 0 0 0))
    )
  )

  (module SIL_30pin (layer F.Cu) (tedit 51F6BF2A) (tstamp 51F58727)
    (at 96.52 17.78 180)
    (path /51F54A8B)
    (fp_text reference P4 (at 0 -2.54 180) (layer F.SilkS) hide
      (effects (font (size 1 1) (thickness 0.15)))
    )
    (fp_text value CONN_30 (at 0 5.08 180) (layer F.SilkS) hide
      (effects (font (size 1 1) (thickness 0.15)))
    )
    (pad 1 thru_hole rect (at 0 0 180) (size 1.778 1.778) (drill 1.016)
      (layers *.Cu *.Mask F.SilkS)
      (net 5 /AREFA)
    )
    (pad 2 thru_hole circle (at 2.54 0 180) (size 1.778 1.778) (drill 1.016)
      (layers *.Cu *.Mask F.SilkS)
      (net 39 N-0000046)
    )
    (pad 3 thru_hole circle (at 5.08 0 180) (size 1.778 1.778) (drill 1.016)
      (layers *.Cu *.Mask F.SilkS)
      (net 56 N-0000062)
    )
    (pad 4 thru_hole circle (at 7.62 0 180) (size 1.778 1.778) (drill 1.016)
      (layers *.Cu *.Mask F.SilkS)
      (net 40 N-0000047)
    )
    (pad 5 thru_hole circle (at 10.16 0 180) (size 1.778 1.778) (drill 1.016)
      (layers *.Cu *.Mask F.SilkS)
      (net 41 N-0000048)
    )
    (pad 6 thru_hole circle (at 12.7 0 180) (size 1.778 1.778) (drill 1.016)
      (layers *.Cu *.Mask F.SilkS)
      (net 42 N-0000049)
    )
    (pad 7 thru_hole circle (at 15.24 0 180) (size 1.778 1.778) (drill 1.016)
      (layers *.Cu *.Mask F.SilkS)
      (net 44 N-0000050)
    )
    (pad 8 thru_hole circle (at 17.78 0 180) (size 1.778 1.778) (drill 1.016)
      (layers *.Cu *.Mask F.SilkS)
      (net 45 N-0000051)
    )
    (pad 9 thru_hole circle (at 20.32 0 180) (size 1.778 1.778) (drill 1.016)
      (layers *.Cu *.Mask F.SilkS)
      (net 6 /AREFB)
    )
    (pad 10 thru_hole circle (at 22.86 0 180) (size 1.778 1.778) (drill 1.016)
      (layers *.Cu *.Mask F.SilkS)
      (net 18 N-0000015)
    )
    (pad 11 thru_hole circle (at 25.4 0 180) (size 1.778 1.778) (drill 1.016)
      (layers *.Cu *.Mask F.SilkS)
      (net 17 N-0000014)
    )
    (pad 12 thru_hole circle (at 27.94 0 180) (size 1.778 1.778) (drill 1.016)
      (layers *.Cu *.Mask F.SilkS)
      (net 19 N-0000016)
    )
    (pad 13 thru_hole circle (at 30.48 0 180) (size 1.778 1.778) (drill 1.016)
      (layers *.Cu *.Mask F.SilkS)
      (net 20 N-0000017)
    )
    (pad 14 thru_hole circle (at 33.02 0 180) (size 1.778 1.778) (drill 1.016)
      (layers *.Cu *.Mask F.SilkS)
      (net 21 N-0000018)
    )
    (pad 15 thru_hole circle (at 35.56 0 180) (size 1.778 1.778) (drill 1.016)
      (layers *.Cu *.Mask F.SilkS)
      (net 22 N-0000019)
    )
    (pad 16 thru_hole circle (at 38.1 0 180) (size 1.778 1.778) (drill 1.016)
      (layers *.Cu *.Mask F.SilkS)
      (net 16 N-0000013)
    )
    (pad 17 thru_hole circle (at 40.64 0 180) (size 1.778 1.778) (drill 1.016)
      (layers *.Cu *.Mask F.SilkS)
      (net 15 N-0000012)
    )
    (pad 18 thru_hole circle (at 43.18 0 180) (size 1.778 1.778) (drill 1.016)
      (layers *.Cu *.Mask F.SilkS)
      (net 59 N-0000065)
    )
    (pad 19 thru_hole circle (at 45.72 0 180) (size 1.778 1.778) (drill 1.016)
      (layers *.Cu *.Mask F.SilkS)
      (net 62 N-0000068)
    )
    (pad 20 thru_hole circle (at 48.26 0 180) (size 1.778 1.778) (drill 1.016)
      (layers *.Cu *.Mask F.SilkS)
      (net 49 N-0000055)
    )
    (pad 21 thru_hole circle (at 50.8 0 180) (size 1.778 1.778) (drill 1.016)
      (layers *.Cu *.Mask F.SilkS)
      (net 46 N-0000052)
    )
    (pad 22 thru_hole circle (at 53.34 0 180) (size 1.778 1.778) (drill 1.016)
      (layers *.Cu *.Mask F.SilkS)
      (net 34 N-0000039)
    )
    (pad 23 thru_hole circle (at 55.88 0 180) (size 1.778 1.778) (drill 1.016)
      (layers *.Cu *.Mask F.SilkS)
      (net 37 N-0000042)
    )
    (pad 24 thru_hole circle (at 58.42 0 180) (size 1.778 1.778) (drill 1.016)
      (layers *.Cu *.Mask F.SilkS)
      (net 38 N-0000044)
    )
    (pad 25 thru_hole circle (at 60.96 0 180) (size 1.778 1.778) (drill 1.016)
      (layers *.Cu *.Mask F.SilkS)
      (net 57 N-0000063)
    )
    (pad 26 thru_hole circle (at 63.5 0 180) (size 1.778 1.778) (drill 1.016)
      (layers *.Cu *.Mask F.SilkS)
      (net 60 N-0000066)
    )
    (pad 27 thru_hole circle (at 66.04 0 180) (size 1.778 1.778) (drill 1.016)
      (layers *.Cu *.Mask F.SilkS)
      (net 63 N-0000069)
    )
    (pad 28 thru_hole circle (at 68.58 0 180) (size 1.778 1.778) (drill 1.016)
      (layers *.Cu *.Mask F.SilkS)
      (net 50 N-0000056)
    )
    (pad 29 thru_hole circle (at 71.12 0 180) (size 1.778 1.778) (drill 1.016)
      (layers *.Cu *.Mask F.SilkS)
      (net 47 N-0000053)
    )
    (pad 30 thru_hole circle (at 73.66 0 180) (size 1.778 1.778) (drill 1.016)
      (layers *.Cu *.Mask F.SilkS)
      (net 7 /D5)
    )
  )

  (module SIL_30pin (layer F.Cu) (tedit 51F6BC14) (tstamp 51F69162)
    (at 96.52 60.96 180)
    (path /51F5521E)
    (fp_text reference P1 (at 0.508 2.794 180) (layer F.SilkS) hide
      (effects (font (size 1 1) (thickness 0.15)))
    )
    (fp_text value CONN_30 (at 3.048 4.064 180) (layer F.SilkS) hide
      (effects (font (size 1 1) (thickness 0.15)))
    )
    (pad 1 thru_hole rect (at 0 0 180) (size 1.778 1.778) (drill 1.016)
      (layers *.Cu *.Mask F.SilkS)
      (net 1 +3.3V)
    )
    (pad 2 thru_hole circle (at 2.54 0 180) (size 1.778 1.778) (drill 1.016)
      (layers *.Cu *.Mask F.SilkS)
      (net 12 GND)
    )
    (pad 3 thru_hole circle (at 5.08 0 180) (size 1.778 1.778) (drill 1.016)
      (layers *.Cu *.Mask F.SilkS)
      (net 1 +3.3V)
    )
    (pad 4 thru_hole circle (at 7.62 0 180) (size 1.778 1.778) (drill 1.016)
      (layers *.Cu *.Mask F.SilkS)
      (net 12 GND)
    )
    (pad 5 thru_hole circle (at 10.16 0 180) (size 1.778 1.778) (drill 1.016)
      (layers *.Cu *.Mask F.SilkS)
      (net 1 +3.3V)
    )
    (pad 6 thru_hole circle (at 12.7 0 180) (size 1.778 1.778) (drill 1.016)
      (layers *.Cu *.Mask F.SilkS)
      (net 12 GND)
    )
    (pad 7 thru_hole circle (at 15.24 0 180) (size 1.778 1.778) (drill 1.016)
      (layers *.Cu *.Mask F.SilkS)
      (net 1 +3.3V)
    )
    (pad 8 thru_hole circle (at 17.78 0 180) (size 1.778 1.778) (drill 1.016)
      (layers *.Cu *.Mask F.SilkS)
      (net 11 /VBAT)
    )
    (pad 9 thru_hole circle (at 20.32 0 180) (size 1.778 1.778) (drill 1.016)
      (layers *.Cu *.Mask F.SilkS)
      (net 13 N-000001)
    )
    (pad 10 thru_hole circle (at 22.86 0 180) (size 1.778 1.778) (drill 1.016)
      (layers *.Cu *.Mask F.SilkS)
      (net 43 N-000005)
    )
    (pad 11 thru_hole circle (at 25.4 0 180) (size 1.778 1.778) (drill 1.016)
      (layers *.Cu *.Mask F.SilkS)
      (net 35 N-000004)
    )
    (pad 12 thru_hole circle (at 27.94 0 180) (size 1.778 1.778) (drill 1.016)
      (layers *.Cu *.Mask F.SilkS)
      (net 30 N-000003)
    )
    (pad 13 thru_hole circle (at 30.48 0 180) (size 1.778 1.778) (drill 1.016)
      (layers *.Cu *.Mask F.SilkS)
      (net 23 N-000002)
    )
    (pad 14 thru_hole circle (at 33.02 0 180) (size 1.778 1.778) (drill 1.016)
      (layers *.Cu *.Mask F.SilkS)
      (net 14 N-0000010)
    )
    (pad 15 thru_hole circle (at 35.56 0 180) (size 1.778 1.778) (drill 1.016)
      (layers *.Cu *.Mask F.SilkS)
      (net 66 N-000009)
    )
    (pad 16 thru_hole circle (at 38.1 0 180) (size 1.778 1.778) (drill 1.016)
      (layers *.Cu *.Mask F.SilkS)
      (net 65 N-000008)
    )
    (pad 17 thru_hole circle (at 40.64 0 180) (size 1.778 1.778) (drill 1.016)
      (layers *.Cu *.Mask F.SilkS)
      (net 55 N-0000061)
    )
    (pad 18 thru_hole circle (at 43.18 0 180) (size 1.778 1.778) (drill 1.016)
      (layers *.Cu *.Mask F.SilkS)
      (net 8 /PE5)
    )
    (pad 19 thru_hole circle (at 45.72 0 180) (size 1.778 1.778) (drill 1.016)
      (layers *.Cu *.Mask F.SilkS)
      (net 48 N-0000054)
    )
    (pad 20 thru_hole circle (at 48.26 0 180) (size 1.778 1.778) (drill 1.016)
      (layers *.Cu *.Mask F.SilkS)
      (net 51 N-0000057)
    )
    (pad 21 thru_hole circle (at 50.8 0 180) (size 1.778 1.778) (drill 1.016)
      (layers *.Cu *.Mask F.SilkS)
      (net 64 N-0000070)
    )
    (pad 22 thru_hole circle (at 53.34 0 180) (size 1.778 1.778) (drill 1.016)
      (layers *.Cu *.Mask F.SilkS)
      (net 61 N-0000067)
    )
    (pad 23 thru_hole circle (at 55.88 0 180) (size 1.778 1.778) (drill 1.016)
      (layers *.Cu *.Mask F.SilkS)
      (net 58 N-0000064)
    )
    (pad 24 thru_hole circle (at 58.42 0 180) (size 1.778 1.778) (drill 1.016)
      (layers *.Cu *.Mask F.SilkS)
      (net 2 +5V)
    )
    (pad 25 thru_hole circle (at 60.96 0 180) (size 1.778 1.778) (drill 1.016)
      (layers *.Cu *.Mask F.SilkS)
      (net 12 GND)
    )
    (pad 26 thru_hole circle (at 63.5 0 180) (size 1.778 1.778) (drill 1.016)
      (layers *.Cu *.Mask F.SilkS)
      (net 2 +5V)
    )
    (pad 27 thru_hole circle (at 66.04 0 180) (size 1.778 1.778) (drill 1.016)
      (layers *.Cu *.Mask F.SilkS)
      (net 12 GND)
    )
    (pad 28 thru_hole circle (at 68.58 0 180) (size 1.778 1.778) (drill 1.016)
      (layers *.Cu *.Mask F.SilkS)
      (net 2 +5V)
    )
    (pad 29 thru_hole circle (at 71.12 0 180) (size 1.778 1.778) (drill 1.016)
      (layers *.Cu *.Mask F.SilkS)
      (net 12 GND)
    )
    (pad 30 thru_hole circle (at 73.66 0 180) (size 1.778 1.778) (drill 1.016)
      (layers *.Cu *.Mask F.SilkS)
      (net 2 +5V)
    )
  )

  (module PJ-059AH (layer F.Cu) (tedit 54E79AD1) (tstamp 51F5875B)
    (at 26.67 45.72)
    (path /51F495F1)
    (fp_text reference CON1 (at -0.2 -5.3 90) (layer F.SilkS) hide
      (effects (font (size 1 1) (thickness 0.16)))
    )
    (fp_text value BARREL_JACK (at 6.1 -5.3 90) (layer F.SilkS) hide
      (effects (font (size 1 1) (thickness 0.16)))
    )
    (fp_text user P (at 5.1 2.7 90) (layer F.SilkS) hide
      (effects (font (size 1 1) (thickness 0.16)))
    )
    (fp_text user S (at 2.9 6.2 90) (layer F.SilkS) hide
      (effects (font (size 1 1) (thickness 0.16)))
    )
    (fp_text user N (at -4.1 5.8 90) (layer F.SilkS) hide
      (effects (font (size 1 1) (thickness 0.16)))
    )
    (fp_line (start -1.9 4.5) (end -11.5 4.5) (layer F.SilkS) (width 0.15))
    (fp_line (start -11.5 4.5) (end -11.5 0) (layer F.SilkS) (width 0.15))
    (fp_line (start 3.7 1.8) (end 3.7 4.5) (layer F.SilkS) (width 0.15))
    (fp_line (start 3.7 4.5) (end 1.9 4.5) (layer F.SilkS) (width 0.15))
    (fp_line (start -11.5 0) (end -11.5 -4.5) (layer F.SilkS) (width 0.15))
    (fp_line (start -11.5 -4.5) (end 3.7 -4.5) (layer F.SilkS) (width 0.15))
    (fp_line (start 3.7 -4.5) (end 3.7 -1.8) (layer F.SilkS) (width 0.15))
    (pad 1 thru_hole circle (at 3 0) (size 3 3) (drill 2)
      (layers *.Cu *.Mask F.SilkS)
      (net 3 /5V_Jack)
    )
    (pad 2 thru_hole circle (at -3 0) (size 3 3) (drill 2)
      (layers *.Cu *.Mask F.SilkS)
      (net 12 GND)
    )
    (pad 3 thru_hole circle (at 0 4.7) (size 3 3) (drill 2)
      (layers *.Cu *.Mask F.SilkS)
    )
    (pad "" thru_hole circle (at -7.5 0) (size 2.5146 2.5146) (drill 2.2)
      (layers *.Cu *.Mask F.SilkS)
    )
    (model PJ-059AH.wrl
      (at (xyz 0.147 0.177 -0.1378))
      (scale (xyz 0.3937 0.3937 0.3937))
      (rotate (xyz -90 0 90))
    )
  )

  (module pin_array_3x2 (layer F.Cu) (tedit 51F6BC3E) (tstamp 51F58769)
    (at 99.06 33.02 180)
    (descr "Double rangee de contacts 2 x 4 pins")
    (tags CONN)
    (path /51F470C4)
    (fp_text reference J1 (at 0 3.81 180) (layer F.SilkS) hide
